546
64633
33443
13674
97365
26500
81388
40365
90679
70582
8285
45789
46439
43895
86958
28675
57888
10738
10467
44350
91167
71869
85372
84254
38743
61553
35360
54978
2379
45582
13368
78837
54730
15240
4019
49453
68922
30327
61001
16612
64402
60864
6015
66797
42704
4072
45800
31205
74268
41788
6550
32651
84582
32542
44885
13814
81475
76643
10783
22045
90689
88736
28914
51958
91209
17505
55657
53476
43985
22481
52682
52229
8569
67560
9899
50677
36979
13626
14827
47341
74005
18304
9452
56205
17022
11810
28348
71452
60687
3181
45630
16629
47500
68954
10500
16087
94016
1854
12107
21800
70504
96001
91265
17259
95220
79602
94826
43470
20100
8183
66993
42469
82228
52769
19953
14933
65699
69315
42571
88649
94410
97057
75704
24574
69274
99630
53412
69503
23598
59299
62335
4088
30038
49213
24988
43278
53207
36563
7593
91867
2952
65633
15602
81775
29006
60243
30419
41770
78032
86265
55503
11526
93964
8603
6549
2271
93564
95353
25678
46334
27686
23293
64029
27381
89381
95983
4964
91088
88836
1522
87079
30896
87127
39278
50946
50881
69915
75933
66444
73497
34329
6260
34640
22126
18085
63331
57049
79885
34950
86475
63279
7935
30435
29896
7452
37432
60981
60539
2679
38139
8855
21751
4465
4358
68908
79857
29478
73550
90001
24416
5685
2102
41350
37113
746
31487
54100
99028
26463
676
76363
74621
18670
61646
54427
79065
97689
40028
8493
41879
37921
54601
76495
81765
25080
86915
18534
64050
38800
92755
90067
58589
42808
45566
42158
39078
46670
40384
3304
17321
89045
27539
20354
22391
91092
81505
20091
95974
97222
11183
23296
14050
91699
23492
61584
6371
82039
76738
3640
71410
12582
24464
67226
23318
55961
36979
83830
1049
84963
96202
4270
21198
36438
85638
4017
97482
18435
83319
2339
20434
73437
20789
97439
66446
72635
38598
56320
58695
82347
65487
39295
97355
10422
74800
93860
18382
43713
33096
12319
76211
82334
79645
49491
66960
85484
10077
3423
13165
42649
74716
24180
82855
33415
36014
5391
47376
92689
68183
1224
34273
49176
76222
93086
36314
47642
29900
47794
56549
77011
89928
828
29982
14642
90208
15590
99537
58159
16206
74742
98859
47568
46080
61457
8301
36686
75981
17436
9823
91142
61276
76729
28405
23547
19081
30269
38767
38713
9167
83939
47894
81142
22533
43157
12230
92642
7546
35585
4852
40394
50594
71407
53557
56798
28214
71101
58416
46583
97502
127
68726
37918
95401
26695
34780
48269
1427
89633
65393
17583
15556
54525
65786
126
94033
67084
76974
97384
29876
46873
94241
23899
78129
579
53702
41856
10004
27884
36627
83899
5130
70121
14371
42108
2092
63660
19971
40858
66610
10284
74675
71630
560
57332
17373
88503
34908
77517
1998
48555
99153
94748
30251
67302
71517
77380
60022
3842
90217
76431
20374
56979
5757
72903
99487
66802
85177
16867
26594
21751
51992
40458
72401
98594
50585
35120
28342
58576
72397
90089
82949
20306
65441
49486
49297
62031
53001
83215
49218
54502
62326
89131
32265
94112
38816
68815
93302
419
92474
48561
27993
93682
24287
97249
94619
20194
74535
76093
34778
8984
87557
99764
86873
3480
65027
65465
85261
44471
38482
35343
9419
52111
57834
1468
11285
38869
10604
3524
84978
56092
28962
29150
87236
62856
61116
57056
63355
64807
77582
41223
54098
92637
17643
75092
7205
85770
48590
40374
92542
37210
4273
30973
11782
93289
73921
53262
36433
50364
