10000
50285
29810
99496
3929
7190
46136
42187
98870
71515
45478
79722
93929
30253
3210
6681
31451
35783
7
35344
10149
38885
83575
59061
79644
82405
10058
79790
67912
28118
48352
96223
89092
18556
14569
19635
64018
55899
33416
72726
73772
56321
25847
36216
97793
35946
40274
39137
43341
65739
23699
73729
63871
63368
92800
38602
36603
3595
93167
58061
43865
26340
73848
88926
63191
53794
74936
44977
2775
17386
76619
10341
55873
21593
79711
73700
12204
80479
90731
10939
92059
78037
87033
68350
17175
13578
4907
47925
4304
50018
40482
6964
59546
16354
2554
10640
42643
15531
55881
77179
92703
54997
16049
28648
71081
66828
41146
36511
17875
50171
6205
1436
17936
99611
45217
83944
4179
74675
67455
8792
48705
50586
84894
2612
93079
99391
54502
95265
23163
40285
15590
35922
35394
5848
67368
629
23009
57559
79267
71946
87547
52810
68075
10730
66747
85090
2385
89459
62405
84927
73554
92318
14377
67869
33682
83040
53892
4201
18035
69998
24425
56151
40935
33532
4007
24382
71471
76857
49013
85322
95644
92319
98599
97723
77216
77736
36155
18689
26680
67035
75952
23446
55693
29628
7225
57600
96157
12300
87324
99233
98038
70918
8809
93893
4297
75436
13177
38790
87859
93951
55622
48616
32549
68647
15234
83681
5433
36905
33245
42917
31786
58433
11672
16774
85984
53514
52132
25596
38992
36519
98245
26844
10073
24934
3733
76901
6705
85336
12261
37917
49518
49602
54006
42900
52714
73592
44374
77000
1826
47322
76809
53434
77716
31309
33350
6268
92584
99148
10543
10571
38159
33009
40905
58075
16758
58797
34283
94166
37964
69700
19525
51916
96503
45662
69615
31163
65123
15592
71990
73122
30850
25256
72886
61162
21958
7281
57572
4782
71680
87111
72977
75222
47677
26979
14323
58584
99187
50140
32475
54733
98760
20445
66174
82495
592
46489
57069
12652
11447
62677
59680
61873
22265
70820
8107
93605
57276
98975
74121
92411
77823
62866
71025
23202
75836
39135
50844
7744
46227
2962
5504
36036
99315
40849
43491
67364
76917
56672
37923
23476
12008
30526
97330
76201
41910
3307
21512
36440
83771
84514
10685
74553
69379
34636
91252
89171
67371
887
96774
47618
24969
5583
94104
86761
25243
50094
97657
7753
51435
38348
41068
94942
18449
22383
91663
4155
1322
23238
26771
19559
43256
23598
32508
65583
51045
51636
46404
14276
66147
49128
48355
82461
98609
26523
79029
90979
50390
62338
89845
38373
15382
10085
6440
70712
31166
60166
86543
76092
58617
20912
88539
89455
39197
29725
29402
40055
66246
45493
86341
8194
10753
15582
79815
67681
60687
63273
88515
95067
54683
66167
30955
3513
46446
23170
15722
57358
7360
64822
78717
50324
76912
16895
89647
26055
54178
19206
83797
28625
86603
74195
63672
74874
34961
55286
2406
16718
54606
31612
64729
71550
80729
78557
54672
21656
43854
8603
35043
17638
96012
43980
92268
9220
17479
68131
49817
72874
93373
38073
15275
8488
5199
2270
66069
30475
25427
37042
53349
32599
71672
72603
85109
24001
14537
15321
76024
56232
92380
23235
49452
64565
17402
12742
61998
10287
20019
81642
48696
60286
22931
71003
30490
51997
48655
23933
92417
41554
97751
81252
26637
43927
10061
46200
77921
85806
21081
71283
80007
53151
99813
31385
93304
57768
2159
35259
10727
66805
42001
85605
11268
66484
61330
87683
49577
31974
44303
8982
79552
14982
40638
21903
60698
16847
12316
69515
41388
65208
17469
65612
6580
6216
68574
85615
39814
24989
15286
50757
308
83456
44695
29744
75871
74156
76501
84685
27070
47380
92689
26874
75449
32481
43208
32024
65306
47120
74633
41678
35307
19445
9198
10384
87472
2790
49051
91668
70433
12828
77543
6851
87431
88910
30014
16139
21962
37894
73758
13471
95401
30020
57356
85300
11684
1664
39102
70673
83620
76844
75118
99892
73623
86017
17950
46911
71085
48648
40555
86046
27740
24800
69195
28637
90960
31646
59258
40233
4841
33845
40800
66081
83780
22914
13867
30841
60186
62566
33724
44717
42163
91295
22527
13372
2972
34800
21154
27017
99217
56993
963
59929
39899
50810
71556
78966
26245
24044
95707
57030
66222
9216
70039
14342
65300
50568
10887
26310
2727
72849
10472
3002
8965
78242
59194
32841
44363
47722
45269
99929
4490
21881
63535
9206
61233
32642
63946
8411
40091
74058
58691
8793
73479
27515
75829
88070
60300
25706
17462
33213
95584
61980
9225
83138
4443
43031
62697
2250
34286
59714
95178
19754
40470
39729
65032
3897
459
72170
34083
7302
23569
78638
61078
4900
10408
11022
24229
95919
40995
83105
71489
63053
60405
15393
19035
55465
82607
72666
50416
15179
39846
89408
39913
85543
29875
77382
78403
59331
89385
64701
19547
85261
87662
42567
82574
36235
34493
30308
49421
63480
89752
39024
87428
14657
70256
98040
18733
68328
65004
69135
45006
44350
24634
41966
94064
48004
56348
53063
83723
67155
23172
58971
73554
77158
57186
69903
91225
41735
74804
66636
31348
60126
99065
26446
65202
53365
61879
50992
72173
50094
69349
18259
56225
91454
12944
66453
6803
13600
90410
74762
19351
22882
84118
7044
75272
90056
11464
56493
11610
22957
80315
32273
92619
7877
38669
45027
85300
11455
67454
11327
79643
79874
77398
27782
72386
61405
42579
20546
46613
4441
56364
4960
44400
29361
72210
16521
15755
63082
81095
6402
30368
97321
49305
90658
26627
89888
86080
97729
2453
49152
72594
80727
59581
12376
75778
76638
19464
16472
91650
41095
69279
48128
33382
31504
5743
58945
78772
76559
25813
6126
7556
60283
7960
12848
9163
83148
15379
92253
75574
4345
76822
66844
45141
6485
40364
82330
9101
71286
78525
6138
29167
97681
92439
4300
62321
16122
56794
78115
20785
29250
68625
64939
42836
23299
43876
39405
23359
79995
92016
83270
99732
4314
30710
31808
52374
8628
14998
92614
79083
75396
46454
3799
4424
62882
91245
15903
21944
62562
5166
68635
18318
9594
74287
75924
25358
29356
31978
18834
43186
64847
93034
36889
88991
9463
37579
58766
59881
70736
84166
41518
9849
57466
81974
5712
60167
41198
3179
88894
73043
94979
9484
48968
92182
33434
1284
36470
33762
18357
85379
69842
30128
67820
17380
7090
84187
21695
79630
48396
94489
3837
73029
68921
56644
38757
89739
58509
19769
90330
75725
18407
12401
36818
18565
92238
18169
5291
64244
38009
16993
25407
48846
24831
39099
42981
40035
8619
22323
98000
97237
47091
53658
20104
98561
46823
80730
21325
94930
65068
811
1121
61009
32502
54220
72996
51489
93148
41979
31120
64262
65926
2230
18278
56393
59310
96645
83514
2890
99976
4469
47797
6972
51191
38490
6558
13258
86192
94637
54205
18115
56763
89178
67245
42440
33661
48347
47779
63514
34049
96781
83142
98984
51323
65654
60291
27708
91070
13061
81309
76208
45781
49918
75000
38430
56801
46675
35545
96757
47716
8825
90549
35382
17114
88258
43117
46150
28299
23357
86409
31141
97357
32785
53500
23965
35720
45829
97103
93666
34111
56886
99886
48687
57060
35084
11964
99193
91914
26882
59130
48175
87577
62181
72055
19603
71824
31275
99814
57453
34915
44695
25463
87819
28424
761
33049
80304
76743
17329
6756
79392
11481
68925
51297
82881
48728
29541
16866
99048
80640
55262
42870
80296
91041
43047
90878
77853
43680
66110
34004
97779
50669
70712
31748
35729
20412
96245
95049
13987
82835
20444
84491
84226
44588
57371
13332
53142
88473
3307
9048
99739
54530
86879
43072
36190
51931
2345
92296
29514
36031
5858
74882
30962
61396
61595
51662
99976
84843
33353
52679
72376
8087
64607
42119
24455
52724
54195
39828
48917
35881
71710
16483
26564
6867
40107
28649
94210
4714
48991
41387
34455
32432
11447
30635
8275
10040
24018
89528
83192
33261
14505
21471
65450
16522
74437
66520
83816
69524
52623
46494
33611
10779
8894
52958
65079
18398
31629
41239
87167
15937
48248
6118
10589
46590
66949
8568
88899
5914
95201
2916
86898
58081
59319
79908
95936
57804
71661
68343
75469
15695
70671
52025
33590
78798
88039
29100
97917
52998
6556
13401
93787
76973
2384
66607
88024
91097
427
47799
26084
21952
65297
37813
57627
59745
51144
97100
38097
47625
88798
38533
76512
15653
4022
46025
80133
63515
87597
30963
61917
97811
59592
16822
57835
4819
58622
2978
90425
9942
43567
30843
77466
41044
33981
21207
13282
62193
53644
23429
74547
59504
78269
84188
9194
19120
85845
25702
32833
27142
40348
35061
31895
24635
46107
87716
55158
71158
75028
98530
28613
247
28577
64709
45838
17317
99712
42216
32081
61182
50239
10441
43892
48232
31545
10063
10758
17932
30714
81115
82917
91269
34992
99207
54299
9261
326
22678
88410
63814
65010
5384
59216
2989
72574
92191
17124
99985
91445
77158
83911
36554
24025
64125
8574
57769
42414
63335
6917
5638
12452
27444
21897
61359
20103
5909
2274
55957
5620
65218
89246
76481
34976
30693
17711
80345
96623
37468
90993
93878
6073
40987
97315
97360
87512
8323
84852
25566
53316
40078
41384
67523
15190
21040
41474
80443
76741
68090
45402
82523
20598
97945
91263
17358
76240
93570
13921
24200
24007
79276
11261
98623
69189
33980
22795
39624
52836
92405
66011
55255
99733
68494
19879
53861
2263
11624
77027
24383
42089
98210
92157
23981
22077
1091
80823
86505
25747
16058
93649
2575
72721
98825
48526
19734
9827
76959
91327
39581
492
55137
21210
26200
35017
24287
96724
56630
98767
40432
87986
61555
88292
42349
57899
7689
49957
81491
32107
69478
94533
36146
87095
61575
40661
63554
71702
96169
72015
28283
93519
70420
77668
51532
87542
71417
77638
87570
65044
69462
91938
9744
76169
81056
41448
12903
16459
95787
60700
76128
71371
48393
48897
52178
18209
13935
85041
1719
82655
26753
2469
13732
45735
27533
57266
81976
89037
65386
27985
34525
38241
88877
42599
27910
553
36640
55787
13187
69003
39511
31412
4408
74106
21015
13239
56735
70828
61366
56688
74989
55847
48301
88586
78591
9472
6850
50889
46493
46282
45038
21074
78858
48578
25714
17030
58368
27394
80916
25408
33700
18210
49528
32101
95024
42713
21170
60826
58856
23992
887
66384
39259
24967
61275
72576
87837
48997
13420
69027
66098
50792
179
70553
50621
85696
79580
92077
22433
57658
15259
91635
53779
97579
2490
40264
96724
27963
11977
1858
9191
92761
64947
6086
81750
12412
74553
51107
10711
58328
47408
51285
53617
83927
75355
51206
49166
41399
36971
78071
68242
98069
97402
12275
66219
8643
1429
72362
28484
68782
29098
10793
94400
29935
72496
64369
68050
70535
81648
29353
42522
59089
60787
89918
289
19679
89856
83643
44344
80892
59382
68921
28681
47283
35157
13023
42490
45923
99339
92828
24448
64954
21155
34865
88794
92850
97755
34566
19360
63130
80366
33595
21693
32487
77973
12525
49671
63751
55673
22256
19225
33744
30290
83042
85922
1329
62167
52071
96590
59362
22670
42574
18257
92508
29290
33603
29157
8896
55167
54972
59252
23474
64368
16058
48833
35642
84527
9361
76450
76507
75778
56245
4540
70892
81265
42319
22314
1149
15878
2067
2950
66658
36289
31564
62601
11577
1727
96945
73771
81767
48116
52602
14963
76956
55556
56121
36276
73775
33729
79368
14738
64808
94265
49111
70732
93103
49997
20193
18331
7647
8409
23572
61689
11354
70514
2176
47710
70858
44864
18691
55027
96436
20351
21620
28657
37631
35318
2458
83970
10665
80783
85600
75175
89915
35069
72099
855
2856
68753
76460
58613
59280
99647
53227
44877
62557
24824
54027
28123
4540
74147
40297
32365
75717
62928
2728
9730
23305
89639
51992
1938
70191
48361
53738
16742
39049
68211
8721
42836
49877
36056
96403
49827
84121
74097
59077
25349
9107
49758
15238
4910
34106
63649
44776
25296
38181
59066
61994
32305
93227
42204
91517
94311
38293
8920
17806
4777
2144
53741
53217
42567
87034
40530
8400
71003
75754
60410
37581
86545
33215
13719
91255
97474
92154
81959
85741
95449
7652
33220
19340
76383
1690
39202
27431
52086
7344
20096
57670
72381
50093
13212
96187
96799
72928
8411
27590
35662
53221
65521
61664
93153
40710
64076
92709
35594
24137
78075
55682
97847
56655
40678
87340
76347
41664
81668
67282
31822
20938
41643
10708
46301
66875
76242
15037
35574
11819
51905
78003
24257
73922
51466
59603
26693
19449
46204
67795
92361
23008
64471
48935
81193
95798
96582
27069
61827
50389
87797
48975
7839
47597
5464
86128
11422
23611
95037
73333
8352
99793
41227
56858
63619
25345
64648
47562
95386
43489
5949
64997
72552
9154
14962
15206
6085
29723
21134
9050
95050
5015
27153
35275
48174
17084
15875
91273
1898
66078
82709
30173
31873
62182
77474
9923
6283
72377
69938
1214
84603
81050
23095
86844
6690
200
19307
83435
50071
85946
26847
31672
97933
20649
82228
45111
96658
74757
54261
49721
82205
44132
43895
42400
36478
18971
64841
27304
40739
86037
50715
70153
19441
72593
28226
84888
46639
4369
30856
556
19755
61554
30213
6893
53923
73645
97981
98855
35267
22877
491
28756
30485
5902
31778
28127
85034
79285
70189
50290
25891
84741
86789
96166
54399
72265
4525
97014
9908
90225
6170
27130
22795
13239
32393
802
23944
78616
20914
412
23034
66483
34387
9927
71374
47386
19151
98755
84686
79932
33261
20377
10381
62232
25197
44733
37338
89017
16443
52938
9421
17799
99853
12645
22602
70417
99977
84509
58811
50258
96561
19816
28703
97521
91763
58131
27211
37660
9364
63171
28149
10003
12941
68913
35667
87586
91085
32136
14038
26299
4164
19418
80682
83934
16131
38567
66405
75567
76921
34675
41836
48453
99537
77397
42562
7889
11382
42023
16119
48201
50439
51750
3489
33437
8514
70646
72659
16228
77963
38820
7035
97097
2343
89307
23970
64217
26536
65404
55584
25942
83105
82196
27926
67753
57246
39333
90273
2914
87822
6878
6294
98267
13419
47754
22569
84152
70887
13563
71693
64784
40225
18375
35048
48401
73333
34663
27854
60873
82133
12296
81114
26414
19695
40100
34588
96662
30481
14787
28494
95043
53045
23126
68474
90887
33452
43743
80162
21329
21402
97413
92139
91708
5496
92780
17559
87979
5108
92848
21203
17688
2732
51506
98662
19315
98961
87847
69863
37391
1159
67026
42502
46659
63897
98196
71132
13625
20324
24517
31729
70739
25417
81106
72298
20006
35293
81065
60425
20580
48050
78844
6518
19149
52407
21934
17487
55009
56553
34848
12185
54979
54786
7416
25594
30953
15700
15349
11679
19083
2156
39864
61428
23602
49110
1874
14154
76617
8152
27742
48366
21665
89444
79246
83942
80960
13700
73641
58575
82925
47795
42998
24540
86870
80914
73425
95717
41909
53513
60175
90398
18855
41173
68612
11832
75417
57580
2858
11035
839
51067
37694
83285
74478
4674
10317
70059
84334
59022
15294
83510
85917
66880
1466
74471
22308
57464
59922
9959
22335
31222
49711
82539
70719
93490
80738
74307
30575
20526
43309
27940
80280
52941
10803
80764
39409
62241
46847
45205
82552
25963
68280
8681
75552
74415
73981
34473
63927
90874
34481
51496
16683
81772
35756
53166
54926
54461
55581
92418
38687
86173
8983
8692
18030
55933
85687
31507
16299
51520
25924
79480
32586
98045
2009
28061
14609
34400
47069
77361
34795
86185
46431
908
79727
10899
99942
94514
78941
75003
25070
90761
94091
49291
40357
51852
16494
88380
56192
15328
25535
88716
59357
54658
77243
65039
19343
43032
24858
62174
2095
16808
18976
91658
79458
33865
31762
12854
71688
22169
84760
20420
43471
49439
15747
60516
9726
10837
27654
62123
45693
39643
55124
37308
21010
62195
41518
2210
93237
54722
324
76551
1728
13297
34057
57243
11438
87111
85770
25723
24438
64204
35983
67614
60418
95711
44259
8025
67431
65421
98257
89684
45904
65716
40052
55367
42768
21477
12073
80433
48269
60773
54521
68164
46295
41331
26326
54096
80008
64278
58912
27865
97389
84791
31822
69139
58307
65615
92302
2676
26103
3953
3172
25404
70429
88989
96749
89970
36740
76786
84841
79132
6882
38955
21857
96348
60656
70734
44002
83599
57959
72178
26424
54822
57675
16845
87366
28678
52515
17993
23047
19423
49253
87832
38461
29046
26750
66722
87220
55025
23478
98403
20086
19238
58762
89141
82154
72640
75310
9238
87029
63518
66980
86063
40732
16906
71957
75246
2965
32503
96429
58933
8970
82629
15704
2341
51301
50748
78617
37545
27426
67056
51212
54180
76483
39405
51871
8207
25850
15893
24543
34802
83620
11928
55147
18393
1199
85960
34556
81694
78150
78871
35818
29460
56457
58961
26184
54540
91803
51913
72940
26146
76630
96997
69796
31340
55250
11356
98392
98948
42321
80511
27937
86589
67707
70447
37100
5713
2585
36698
42813
5352
47240
90365
54538
52358
83848
15917
23606
6202
52986
74418
97529
39870
65764
87788
71329
17853
7203
65904
50987
90177
75843
88905
48489
88750
10106
16967
8843
47735
98931
54624
50737
4269
89089
8085
83062
58324
67894
52724
55499
51190
8302
29661
89865
26109
25476
7102
85487
98854
79455
20259
7469
9967
26406
80120
74522
51979
34492
63798
14349
26684
92223
22871
48139
6924
31550
33565
73982
6465
78861
7729
36646
43980
21223
14200
65838
45951
88410
79351
41522
7393
46747
62102
45350
50964
7306
49210
64730
97006
41007
34430
11150
81487
14755
64746
91102
83692
40936
55144
13400
95004
59696
51646
43010
96968
44119
29130
83430
57311
26371
68911
33670
81983
55485
13213
49561
48380
74544
37991
41367
47604
12067
25706
63382
8288
22794
40853
33572
17984
46651
3369
1885
82406
56024
32947
92381
1965
62251
31276
42459
3450
64345
50894
80191
40652
22411
63329
97045
36598
96912
67845
97869
89007
77117
10792
6848
69732
94802
48004
23787
42970
23852
96086
30884
47421
54982
19978
67184
9605
82
20736
43614
37950
91575
8780
23632
59169
13791
67483
42752
21067
73535
99566
3308
36287
59563
51900
44159
41443
81401
15762
23555
94067
24763
47748
93488
94759
10104
46526
2274
95115
26634
49364
18759
12009
11659
46562
95166
6232
92730
53999
75992
53142
70380
21769
59128
95087
55715
80775
22752
40310
32944
13019
46271
97427
43667
6264
14995
15761
61570
54101
1407
81998
71846
54739
9671
3423
14066
89916
52324
31509
63076
82502
32115
93275
15072
66346
28342
81014
11990
24136
80813
16927
41004
41343
4327
63341
52297
67546
66531
29932
45096
35070
53916
3393
39369
36807
93694
18758
11619
50586
99931
97165
92342
36914
69312
28437
18936
17264
41365
77477
80204
10380
89563
94622
60060
62706
10472
29110
84987
90604
38895
43638
58389
39903
44845
29594
8635
38275
33477
34594
21131
41973
49223
13549
66414
81952
3370
80519
38228
41191
49975
70878
49396
34701
98659
43077
89204
27467
53331
6834
56391
41685
21200
30100
13617
69165
65298
62812
19877
54198
6237
79358
36975
84879
35819
94032
12412
54621
96672
12427
49112
54519
82236
83809
66603
91997
42744
63319
98829
74553
13411
2404
88540
14597
66706
72640
25704
53984
64926
60281
21455
18362
75812
62482
26074
75338
73262
24845
80310
43542
62094
95164
7902
23071
94253
96481
82867
92547
61979
82954
6453
91458
28929
31158
10892
4416
1260
94000
35344
61693
18115
95036
91896
7987
41610
84593
7979
31733
94981
5395
27897
41108
53347
67382
54630
82119
52465
20065
42102
83296
10683
60155
81462
49058
39924
66912
56243
92609
16329
48925
78705
62993
94497
1551
70308
52190
27755
30237
26377
39209
26608
38799
51045
7823
2808
45060
99257
7795
7538
42183
41287
41047
90822
3131
1569
47550
17426
82430
29633
39436
82904
2818
56633
51250
18788
53845
37167
91367
67830
3812
51779
332
87148
71139
19915
36425
70139
12782
51215
41410
63585
51260
60466
82119
97957
3981
49077
21103
73528
17629
73111
98662
36501
22336
50549
69393
45842
79738
30441
7735
11098
15434
75632
7395
82678
67478
84817
1233
81454
11214
20731
54294
14630
81725
26256
43918
18994
79776
72342
4952
67357
85301
65676
50398
18277
3384
86548
67207
673
48015
22938
4182
26949
91302
89526
7490
28895
58321
98884
7285
60564
60111
49990
3379
62941
2867
69505
96465
4574
79333
76159
63818
18927
4569
56888
72343
52004
73216
46174
79715
74135
75661
72837
92098
82127
98787
61472
16181
17517
28062
61693
51647
29043
26209
16087
89476
66760
63738
5589
36678
66299
67651
72134
53182
16277
50136
11325
37420
90639
16451
76714
82035
16169
45816
35431
3168
75735
60807
53810
72641
6283
95613
93197
44084
36196
88829
25991
6283
45557
43892
19737
77422
89032
16471
1019
57997
81790
24028
35393
76766
71810
77816
21210
67928
11672
10597
23712
21027
49644
31005
84258
19041
33696
61361
63799
42510
93049
85569
83298
67761
41658
618
12802
54513
3266
34673
25920
88594
83105
97054
28463
9556
53751
10530
12774
18318
56541
91155
78863
1641
18852
12129
17727
56622
57377
24581
30403
9975
1042
36593
98301
37090
20670
19386
76425
55455
34728
93927
94834
27058
49294
59290
2889
95129
89728
41861
75137
15221
38073
59979
65231
13561
12453
81297
14774
55586
60604
64561
69049
21646
19967
43787
56370
71822
36128
36439
44732
14826
54480
64615
27979
57770
12515
15920
17473
5866
42473
43878
49675
34787
39895
87856
50877
88647
10212
23254
56879
49923
52496
92175
32627
33761
71016
19805
16169
86719
27718
64607
83673
31384
65841
87450
71871
48410
49692
65152
90690
71068
74941
23998
77373
26191
42983
81312
99128
57427
43678
35304
44453
13022
44633
92136
23904
75617
14314
81129
93145
51892
72848
29085
81246
65325
18744
33616
15977
63827
87505
97130
65179
65931
5416
7241
23345
88758
10782
73846
34821
59737
1145
59342
71694
80388
34784
33088
39698
3535
61563
92741
45887
38216
71793
44269
31895
5932
96140
30604
65276
57323
12634
15375
16787
36300
28080
49144
91517
88848
43452
21132
5470
10412
97161
1656
85020
1836
56223
57505
68190
80477
52283
44219
88209
95417
10545
11415
89608
84177
92621
19625
72781
30020
77914
49649
9647
41574
35750
69969
79240
26292
21438
23048
33221
5038
48489
68982
18349
32543
18058
28555
35655
25873
89532
47872
87998
66570
59844
84316
17790
39614
27252
78713
30563
67647
38086
93947
38857
57722
16333
848
54264
11018
88595
980
61718
32073
25484
89688
87626
34861
51574
65036
38935
82873
12254
19590
67440
97455
71029
42322
10476
34838
21688
36958
7286
61491
97552
98095
30078
25422
70165
80808
77282
29649
89429
64129
15496
84589
34285
51227
75657
48565
34121
98065
5583
39696
54065
33054
57425
68834
78088
31387
5065
62069
39431
30103
17261
28509
36429
97962
10621
20480
47129
90070
35955
84481
70227
55438
94736
80982
77012
22722
87070
34046
70327
4959
64110
33198
3453
5355
7647
74893
29138
74628
33804
21638
66038
74213
76454
39954
35116
58827
80518
93714
29026
45099
89314
35911
96495
75652
6869
58361
64521
20767
93586
5653
86050
99
4068
6543
45200
69450
45252
59815
86258
40025
64189
65646
10038
18535
76540
51769
14990
97802
76805
81815
9978
5588
72315
90284
47744
97879
57910
1858
71959
84715
62878
91916
17502
78629
21895
84294
67990
64535
10907
92279
8685
12882
40272
2656
9571
24699
45913
67839
91098
68108
99973
65944
19467
18832
72960
91181
15116
98087
18466
81824
71216
54740
91242
21121
15719
54954
43116
17704
42375
75451
5597
44154
12616
1056
77688
94519
21920
3356
1772
2410
89667
46754
98416
98691
94729
76045
93914
83096
14193
65252
87284
53910
92694
51137
79401
71604
67926
64968
92467
93517
27117
16951
93113
82780
54805
47566
94789
49439
56584
66310
43085
4931
53268
156
88075
16586
44456
16932
37986
89426
38446
87008
29492
91391
4418
15950
87781
98690
61222
3504
5179
29052
43249
15697
59335
18748
41469
59881
86637
93704
26461
19976
56372
92308
62101
72281
5748
10120
51011
62303
53777
76310
52239
4054
61064
4705
66548
31493
26669
37222
76633
74200
97046
90355
14358
61466
16351
5099
23154
84409
70319
4435
20845
12169
183
32731
26841
66828
97589
90177
12624
51877
26904
92973
37950
91403
48419
44551
54524
65984
69301
29445
58090
71986
24335
61434
4154
93909
39022
27231
28396
75944
89213
7524
7388
36319
80664
39523
89355
41069
3443
49800
75411
53188
85327
8779
69150
19232
325
65247
35897
42157
67238
71504
30473
7556
80766
47410
66337
85487
32897
95525
45517
71854
10301
98763
18055
59421
590
60013
54531
15450
65511
71076
16251
35245
61112
67231
37913
64924
39725
36412
61868
59949
61711
42261
14323
37508
6052
66597
64796
95163
10232
4345
5375
23417
56103
43630
64047
23524
53416
6636
29993
94864
30229
56904
15478
75459
1512
23190
59497
80378
56995
63632
36845
93459
21603
64213
13956
58187
34124
3443
73505
93937
59537
93755
12268
34506
32255
24640
72535
81821
15125
29133
88665
8285
87968
40506
96527
71768
66061
94442
4173
99623
64864
57428
94480
77202
17838
11499
29218
86085
1624
96488
81964
23294
47562
50640
27092
92630
60143
29502
17158
81308
91972
28966
7024
84437
57243
33289
87987
20631
56878
50400
33406
26066
86077
49038
49085
17952
32656
60882
64979
23684
6930
16752
91197
1162
79608
26032
33856
96465
72586
62501
2932
60927
17330
3983
7110
67541
68922
77407
3928
43270
86313
26010
74048
43941
67050
92337
77897
95867
83564
51994
26440
36196
59031
13746
44877
36432
76183
32282
34118
10956
98465
21037
98833
1923
55737
46155
47241
60850
92337
98854
24896
61688
77785
83680
10347
38964
89072
23424
67841
39894
44356
79692
98713
65046
47362
19307
70133
1852
86240
13372
65212
83689
72592
8865
11314
85431
2129
58695
40831
21137
63990
49165
56739
9459
41794
40823
13990
5366
92009
8977
79661
19429
53839
44362
90461
76604
4106
40787
69558
15488
65461
86839
78998
75347
39742
38840
54205
26613
4356
99298
13069
91819
96010
90700
63140
97514
96001
80667
54119
70386
79464
25301
63084
58949
48582
45212
7905
12457
60485
87730
12046
31859
77650
20988
98321
27109
27394
34535
24309
51255
80901
69715
20894
40974
73708
16600
19038
71649
49594
42142
31907
10368
3846
26142
5428
44529
7732
98901
19850
20997
22485
39201
31781
30779
63767
5476
44857
52991
90904
21368
84265
78477
70117
17968
62138
70580
5930
76532
70364
27648
7398
30862
59899
43876
95053
54694
90816
64230
8371
47241
90894
55337
78397
79822
31270
97165
31472
86743
69026
96079
3031
67903
51103
2845
31217
86906
99284
46748
42782
80130
17262
80291
97822
33534
52419
16411
77329
20001
41515
42972
57713
1113
67839
90372
47520
79063
65573
55079
50138
56361
91717
71890
88949
16661
5539
12187
33724
75393
83249
38998
8305
84914
90152
89981
36632
77805
95971
75637
32349
14955
85986
97788
8893
92149
96466
92692
25479
36637
17099
52306
93319
90790
80688
73013
19084
11191
93500
15659
49967
32362
40481
13133
60101
56274
73628
43259
11970
84677
60268
367
90918
12166
57746
36269
53604
55395
15834
85288
97651
73764
78559
99160
73221
35761
6182
14788
9610
80048
99665
42733
89975
17425
514
89691
80003
98442
87983
77460
5184
66348
59688
95722
3481
17510
56159
88869
25265
33243
34273
27284
19634
50090
75169
9127
33493
88159
28596
15312
69904
41368
10656
44193
58529
51287
11188
77720
51242
41436
53782
37512
97692
14023
57970
52914
52751
45035
54127
22221
14262
61640
82893
88465
19758
4749
32852
28967
23150
36016
78848
3001
79391
72620
28498
23602
57227
86640
29546
47180
31453
52916
27539
9484
86696
71575
98984
88680
99061
54757
40744
48493
55906
64069
99473
63171
55144
58292
47853
11074
66641
71654
43841
61092
51800
43996
46753
59911
35668
93207
27343
30591
85221
30357
6964
64555
24766
47876
64657
73692
416
98333
35219
53576
60007
3490
3361
30303
35889
925
78008
72690
39403
76422
47240
97090
39661
38717
14779
57924
85028
22829
47896
74153
77246
2042
9931
4050
43922
14985
88546
56701
30089
25026
49223
83489
32312
4206
14222
90516
48470
19897
73253
10860
63901
38134
35337
24801
15352
61325
2468
68182
80765
56104
50581
66832
98091
75770
6918
52750
27922
96307
80465
21137
68885
73801
47462
60488
77993
56040
83535
46907
15083
7956
38654
17714
86810
29244
79969
36113
65434
11142
63984
59044
56845
26440
95809
83691
74897
69420
5433
91090
55588
156
58071
67006
94962
60923
64943
49121
34810
26267
10372
65517
3508
78355
74509
62365
3638
31199
2613
44905
61523
41133
31555
28602
77792
74372
66335
93709
30774
37936
60962
57349
8414
8102
2988
38725
72678
5002
87245
60263
61386
42988
45593
28005
89009
71802
65051
10951
72756
68216
88583
58535
84898
95386
51723
90135
17909
30594
4706
54884
75237
33466
26410
56149
81823
84360
10400
73033
14627
47541
38785
18558
95584
45822
88565
39795
74997
67340
63357
15912
41642
62899
98046
10596
25039
80697
81235
13887
38326
56211
87043
89918
45925
99742
81992
20841
90276
50817
11886
73714
4890
21791
31486
46120
65382
24127
77520
92578
6184
90404
40942
76014
89497
87801
67148
21251
80583
43749
25376
96308
95561
33440
26425
60058
92254
23970
87524
71333
97754
7478
94331
90303
19813
19719
24040
42238
83340
30794
56361
44443
13544
19569
9219
43867
41641
52293
5955
91867
25952
44546
57690
99104
23569
2666
10024
43854
85979
47316
66465
63638
17766
96798
78597
61435
12616
42510
1146
44117
55730
86194
10741
81341
3049
17448
3027
93327
38099
9742
48678
65058
2152
32839
36057
99648
71652
12127
44083
38433
11531
11146
74538
94417
41328
59505
67318
75654
41617
24824
52472
34945
50909
46814
7560
28763
38399
713
25154
66996
932
51288
713
21649
11061
74727
84060
2958
42797
89594
54386
81773
45444
43171
86620
40298
29238
61288
68545
72514
2710
93897
98543
43858
82365
10139
49820
25639
16228
42524
52939
99692
90972
6458
75795
40427
23008
93117
46987
48934
9633
51031
21537
67921
77706
60228
84302
57836
88867
75754
48071
96363
29821
13261
24621
17567
99689
11179
40108
97145
62255
27559
5860
22022
52426
41244
5615
32636
23076
93569
48326
45943
82118
17781
85202
99314
60048
73128
21282
61292
10013
81714
8912
41721
86129
23493
64121
73031
83360
30893
43360
60148
44252
90757
10417
37311
95593
65631
88246
14923
11124
44440
58723
72723
93264
97680
80556
42901
96155
89442
295
71924
98759
48927
61650
2644
50223
56699
41310
59609
33978
7129
31286
81496
5967
95185
55577
56899
18745
76416
71210
57024
48788
80248
54570
9230
82698
74695
32812
34235
72283
26189
19615
80315
48642
97736
84102
73246
14773
61513
71817
37472
3126
60067
20437
58064
42214
20574
5066
19658
68123
69035
62479
81375
89777
81052
48615
8848
11734
35543
70495
28421
27194
4377
90661
34126
42445
82371
23146
79165
34036
34444
14162
3335
94344
79751
35399
9209
32726
99245
97621
56409
34489
11646
76125
83552
5833
91160
64120
61727
89751
42651
23739
29024
27288
12996
63003
9315
20869
88587
58934
35844
56926
15641
52133
24171
3109
65937
68243
64029
55018
54427
60613
65504
41703
88217
54591
72029
4256
24719
64949
64248
56431
8881
14381
44710
56689
87051
23082
87665
65724
30619
381
10796
44135
17974
90365
99554
18689
8304
76578
41897
18190
96852
82061
68525
31425
66035
87791
26157
35435
59315
4855
63544
37490
91646
55423
96886
96452
36348
8585
74717
76976
59862
43037
88330
51696
39645
69888
48077
11067
65060
37431
36062
89202
34603
44713
93257
91149
32236
97954
97808
202
43427
35317
75542
45394
26610
20545
28113
59157
1798
23485
13151
64299
72869
55639
89571
55539
64049
94280
73706
68879
33215
17987
90529
88794
70812
99386
58485
78355
16922
7829
47321
71555
91881
92129
10652
64425
67304
96051
77618
26105
78567
33539
1363
56837
47157
20775
67988
93804
94467
16208
50975
11554
6387
37367
82606
42054
95900
95163
23910
12339
74428
88111
17902
70096
32993
91845
75604
67265
42589
228
6260
61637
50639
8520
42686
89648
22432
63800
24997
14922
70768
21116
33173
60726
59486
58756
58300
87759
10722
48837
68848
62177
35087
61257
98245
37766
27618
93506
82919
32016
41765
52551
23819
19175
30070
71868
37652
84001
98732
60205
84976
16508
88363
30846
14596
77592
96579
72562
75990
4532
28175
790
71253
15825
44715
49320
85765
40945
31630
72826
60883
36831
79709
83341
30524
37887
72435
48384
6896
17837
17825
9501
82103
27836
47852
33978
88814
8222
1294
47755
336
6653
94821
18373
80315
69713
58513
89048
97629
98798
16824
83393
95505
57572
81402
90645
12199
4099
94342
41076
70567
74004
48057
84959
79652
45301
55612
22640
52756
5712
26064
71620
31428
83636
42287
85717
86768
99473
11802
15324
74136
38385
70477
30339
99924
5268
41257
29334
95751
54642
56290
33010
7087
59516
90264
87667
36318
87129
6397
77754
42036
11568
43451
11611
21991
58148
53470
94964
13734
13332
20844
3638
51633
26320
31586
36244
64506
39646
80102
20445
60867
7118
47585
83089
19723
59542
38440
52117
34578
38880
65559
63365
71638
65246
1106
14318
27221
87712
77208
70022
43104
86646
82227
62190
79085
78495
78806
62973
83082
49396
1313
27962
25544
45588
71807
65973
17716
51558
96704
93929
15640
29085
60248
69421
26556
70318
65781
99572
45294
87352
30791
67380
35489
6039
31897
50408
28524
43747
55072
14889
51614
46367
82427
47593
85214
54900
50441
11144
45661
43349
2307
82136
52077
84798
56756
63623
90403
64445
90079
18607
77017
66444
10523
60751
61368
92101
161
57993
468
41244
19562
27566
37785
75169
63295
73842
63522
2193
90
34806
13972
95536
56253
94066
51399
55106
33352
53897
26567
24235
11317
93913
13985
89138
92715
64963
52766
31666
88499
59049
34074
60940
60706
57002
63454
61058
23626
65602
94980
64434
76552
19624
50633
78803
81699
54325
35142
98479
28402
84298
32570
44338
83999
74425
32402
51588
31862
5840
1337
53438
4511
15879
63579
4268
12175
43459
33684
195
30127
14392
89685
78767
32911
780
18819
4793
16912
45519
75848
81107
19185
41519
73926
27089
93081
58930
53227
1875
71005
91507
39159
75388
96961
71354
41638
50092
29928
29728
76027
12520
21711
13729
32530
14566
55364
24212
17981
91713
11684
54385
6945
85173
67748
46152
4670
291
76511
96995
72775
30660
49256
29685
68532
79385
8498
74840
19823
85225
34402
97496
91168
12665
42573
17655
15799
27853
61761
305
37315
90101
82629
73565
28362
3763
67882
92370
24361
91642
4219
71569
5723
66700
99785
59894
9718
49356
28482
99325
12117
87172
51591
25511
13825
65213
72902
86928
76663
4814
18302
64980
44011
43325
96289
3580
11978
59190
72616
31923
29572
20423
42021
70001
39016
67450
80178
55984
48990
98852
1318
56887
99461
57964
67969
52401
6739
11914
20929
24365
97641
47249
5490
38839
59089
59546
86783
48265
86737
94477
38923
84839
96626
56706
7189
39326
22515
27993
55433
30105
77644
70391
24014
48828
30783
96728
97766
72145
70151
69764
12619
62637
60660
95810
99615
91111
84112
56236
63434
48236
28809
26073
23374
67450
83186
431
84600
65182
19241
68974
88991
47434
9605
91614
34474
19367
29879
36839
28886
85487
92619
98436
7482
772
99291
97787
19583
39467
99397
62237
90766
67381
64025
69748
84141
47136
4131
52349
61499
48485
81500
61564
24202
88426
87381
38431
40314
68359
82669
35277
51608
46209
55147
5966
31147
30943
82842
37026
157
95078
2233
97611
20645
19993
2313
16828
85239
3543
45403
88746
47195
67900
10944
64033
73860
62269
15294
92798
14074
54088
32910
37441
44183
14629
68413
18573
52769
5705
47331
94921
68360
3109
81384
57106
10284
64407
97885
5361
18006
3017
3452
8903
33102
40069
20174
57519
11021
92195
99781
45319
64160
17257
82654
56334
65566
65523
58063
42642
14404
38985
7009
49180
32806
90625
12883
74021
3251
21180
76652
55100
464
28208
54400
56785
29455
65644
26964
98636
32677
25045
84765
16824
85654
8538
87668
67652
53744
68064
10077
88234
2603
1445
39712
92811
51858
88193
48665
36391
34164
22576
16332
18
56079
23512
5747
42394
15416
24373
50028
90402
49067
66612
96729
24773
76010
86000
71078
51843
95981
58005
77682
36074
77214
896
14948
61306
41670
29334
72556
32258
61181
75717
55976
95531
8252
30902
66931
75203
3683
91213
26549
48264
32358
87309
63119
19938
17120
43070
7638
19463
77692
92757
97019
17359
50636
65352
44506
9607
9125
53245
13884
39010
19562
3111
82518
58437
29853
55054
5036
32461
94140
14965
31244
8800
66620
56232
59565
78781
95309
55064
99255
32204
78897
60868
15675
45301
75604
13731
89271
21635
78595
58395
14984
36575
3033
23832
33277
59851
81514
32360
78932
42187
63738
93607
76753
82203
81513
94251
60012
66110
52485
80588
10269
91119
62788
28327
3006
2549
59077
42691
26389
66970
89664
43310
53693
18609
79687
25531
91571
99550
94117
88802
9847
25390
12831
74305
93828
50055
27714
79823
2183
31698
13056
8476
56178
87925
47069
34047
38112
12945
33338
22842
97002
17064
4767
43905
625
62754
87001
39278
82180
95461
77859
17778
54730
1659
58599
50125
65892
42106
30829
38635
91174
71955
15034
83951
792
34365
94388
49119
14806
71761
4520
65003
89960
8607
12154
50150
26219
50190
34439
16117
73419
43728
86375
19863
78228
43128
68828
78828
94702
47468
16608
72494
58807
65994
68203
39863
85116
27689
61192
63523
13385
98110
20510
55413
41332
66422
60480
35381
7339
6431
33856
6435
79050
15637
7446
86848
92216
16143
48014
17039
44723
2201
63350
82891
9823
90241
40837
74574
35074
58985
49576
93555
89388
18877
78446
23146
61649
46543
42650
16261
83656
77943
29226
57141
55933
41206
62679
61189
67004
82183
85559
95655
42963
51757
36476
22959
48172
56130
49130
32293
17061
81968
33652
32797
53497
63951
75951
92578
76302
30590
97822
95803
86616
70435
75919
82091
50219
40516
52892
91068
20956
40392
94104
24079
84469
65466
15075
57599
79277
75032
13001
78748
34523
48967
51078
48161
92781
17322
91089
89795
53266
10739
97859
66611
34291
17751
81473
52933
50143
66044
52917
96046
35703
88937
50408
27456
52849
20656
73659
73709
3259
35397
63303
19761
69722
96515
28677
57295
34380
17314
54740
9695
38323
52949
68045
8069
34030
93322
36344
1023
52146
44043
54719
66174
22807
76657
58961
69679
86903
68392
58500
39026
35452
20625
53233
63844
31339
46815
89309
48448
88370
37027
27372
74876
48032
64272
27461
30255
24017
98280
65730
37154
95773
37803
79044
22999
2549
65292
20741
74169
48777
44493
65271
86741
42216
36529
96805
76390
47262
69682
3686
73453
68271
51738
30388
55201
32388
11450
87965
87447
90044
29977
98309
47132
74069
12553
27141
38366
61118
41571
89520
19586
73465
46079
40824
43482
4041
44304
49350
29198
25371
14283
9978
42719
55527
75646
44045
54808
84345
8394
75450
89681
67270
5430
66935
80825
12756
33124
63188
77305
17308
2030
41542
68503
49396
18188
70188
63959
18305
51798
25936
6380
83864
87869
29661
93345
79460
31658
86916
32842
43383
90151
7100
94758
30675
35585
77557
38798
11428
36293
23296
36518
21553
14676
97548
46674
64266
54608
1185
95495
56273
96800
13137
86889
11756
36910
64625
86206
87265
82266
83654
32063
10727
55756
17874
22648
83970
57134
47908
6330
42648
51972
17406
44801
10534
64232
82523
68746
6323
73569
5571
57469
8442
42548
32188
2131
25868
93922
25756
11369
21236
28671
3431
746
53378
38021
67333
28610
72425
15143
36158
6758
75258
61262
95590
7750
83257
87706
51256
11947
60454
80694
50831
80226
57178
11341
17224
18915
6697
51050
42776
87273
61685
33185
37982
35930
49370
39590
68744
82617
61552
65414
82394
15673
17745
49425
82884
27870
21847
17898
38160
90146
54502
68976
73287
31930
80744
6023
9708
5716
30762
56285
59456
27792
96204
36826
12506
46916
84021
71573
52445
20980
7519
51997
48312
97073
34524
49645
78541
44639
79892
55058
97240
59784
16480
57326
21431
18373
65912
96520
94884
53852
68358
55148
4881
56987
97681
97584
20072
61859
9130
44984
11040
20368
36469
4437
18430
70779
71408
43877
48156
87798
69409
22118
6756
77495
6366
66145
65343
19414
54589
53821
49193
19818
80404
28045
52704
37826
77351
39974
4978
57213
82750
16057
78862
74010
77745
74963
93881
55735
80948
14046
18038
34494
26239
58957
10137
54377
18345
55812
51990
36200
63803
78590
21477
30767
29380
70473
94257
75539
33121
95688
83093
3312
4505
35671
20223
84653
38621
92795
15519
41962
51751
4260
11145
20093
47109
38073
24176
18904
11554
50897
10525
88504
10130
58499
87306
51603
86758
60650
86189
34954
10757
71624
32888
21937
85404
12215
625
84061
65126
44909
82247
27517
15911
6400
87883
41989
72502
59706
70007
57369
97810
43371
43904
47180
99241
25423
20997
66519
59736
5207
38919
8116
22513
33356
99106
60022
99716
54214
91114
26202
63497
3505
1251
32808
49572
29776
1506
14455
73816
76640
47030
22516
30854
78938
83971
78926
79434
52242
21651
43879
60553
20999
50040
68927
5585
89037
56239
72728
44385
77704
69050
74383
85980
63830
28236
93397
59847
48075
34040
27363
51112
49756
67420
57551
41732
33225
16782
39626
98119
9033
51640
66861
70766
73235
45933
91545
11055
53508
9014
38752
83120
93365
65531
51202
50310
28698
55661
57109
80958
41241
22447
47695
35137
49356
30984
50498
13518
76326
98362
66526
24907
53255
18248
98744
61576
47120
79203
69296
43520
37206
90500
20222
22362
7099
82258
63745
37025
30344
28797
3103
67615
25520
24882
73614
86476
6360
38875
55242
26503
59796
67634
67692
12852
9302
70390
11340
95643
27138
58679
32549
98600
39615
94599
68297
44987
76024
92874
83349
71749
96349
20669
97440
97601
5385
44599
15232
25927
87542
20681
15970
91438
81142
95892
2029
12832
60306
95412
64176
98425
34166
97396
7543
48539
5343
84448
59878
40649
40068
13754
89736
82702
68987
96970
5806
9423
37984
26527
33169
97219
9766
51680
85246
31501
59888
60387
91821
15207
69770
49682
44187
11014
70245
6628
85049
85234
60397
73023
55679
56045
84654
61884
13190
56670
14739
66830
88842
87010
57287
27614
76838
12265
86525
7827
69829
49711
75050
43594
34057
71574
34545
35352
91390
47711
34660
34868
78668
3099
97602
50071
40715
28341
78976
41743
11105
8016
27658
58780
86788
3807
48591
70687
40093
39621
91740
83935
94487
7230
68103
78334
14314
52061
83754
10900
79426
37688
58545
96316
19942
39366
55704
24306
7882
51995
45360
67968
50839
73115
33768
9517
5869
13923
17929
58609
46176
53748
4547
41338
31367
89731
66916
83349
3326
9677
98178
12628
1198
9246
99929
52151
56564
38123
20648
20188
2221
39610
77273
46608
37803
12599
27141
15691
45308
91814
90105
12397
60881
514
9195
78315
85193
6386
2146
31262
91312
55843
94708
20816
60685
17707
43818
27411
33485
12228
98816
30400
81314
80967
91006
89528
6392
44264
20494
44582
66494
40737
36852
91364
94591
96551
13730
16508
44014
93018
68937
44818
21097
42990
87809
12481
58981
94163
24911
53681
93219
53311
47643
9434
12015
58269
50372
36109
37442
56817
76155
99542
48886
90200
71441
15479
62099
23109
48153
64020
72308
7424
54122
76811
7688
7029
24286
45312
59567
59599
6640
14782
83383
1824
26896
58086
34626
56949
87247
10711
52002
27324
27188
6494
39369
48689
76016
91507
17820
78115
81368
40593
72253
28869
24826
40022
45764
54717
8551
3858
12573
312
69375
77849
94312
65176
36902
16453
85139
97466
81637
22641
72083
73430
65434
28249
15295
7565
90167
30485
57050
95766
17587
6425
33415
90192
55613
85644
98395
75672
65973
14729
4365
33060
68425
13915
30861
58087
72203
42625
36220
76157
26730
66665
68591
82304
22303
62042
14033
51553
86148
82455
73481
13466
38504
90892
28890
11457
79200
7357
92394
7543
80635
99699
33527
80174
98596
93024
49498
31480
40443
91620
25848
10985
91302
90384
24914
47407
76050
29672
540
17778
18799
35589
28852
6297
46644
60115
48544
66236
13545
42592
54446
66285
22493
95201
9533
96600
68991
95802
32197
42700
96670
1740
96849
50249
51006
97365
76841
22425
65275
37393
90575
88356
8211
46031
30171
68822
67968
24890
3060
731
74680
61611
78228
43035
241
36696
13053
47336
22180
32164
25619
57321
78081
94666
53650
59242
84421
19739
92473
45192
42399
90570
74112
7191
37521
69975
32534
75302
96095
36144
54216
9872
30700
67259
72727
1330
3567
60738
59821
9832
71871
92578
49702
65335
94638
99048
19075
56387
73198
13086
4127
76164
44228
15918
56568
3361
56499
50796
9088
89856
41857
31613
40310
66263
38885
20368
49825
65282
17209
17981
83065
51141
14526
68621
3716
64131
66192
31317
78786
54285
77831
96435
4578
98640
91612
25027
24573
27846
27220
70594
62681
79381
37950
86157
27824
81750
48321
11034
46990
10674
5283
57821
59969
43506
83831
16974
12160
85431
45053
91736
52711
74580
57964
76719
19630
17434
68381
74604
56519
7705
37702
70273
2043
60314
51532
72848
31272
32710
63926
71636
24441
71391
51308
72661
81026
3395
63001
57492
92467
86407
95939
42004
81094
43394
3534
29224
9821
19293
51106
16681
92862
64912
30675
71855
48790
53389
73654
89869
61897
93617
11190
57478
97441
59628
92851
73365
87766
85066
93873
12090
67775
57788
83107
73776
48395
20142
75247
2926
21497
47856
74671
34698
64680
66119
40747
18024
19816
20930
92282
27756
58038
99099
137
82643
7819
14907
90147
5239
29043
81482
92524
18162
44981
36593
6600
69588
81366
85176
28920
17034
91368
24274
5605
4746
95478
20974
30608
429
67481
20388
31298
70272
28253
98195
52187
50426
3690
18191
97583
65605
23512
4108
23848
4536
53953
62817
70035
16868
17164
74293
73503
58073
3032
95851
2547
31823
96443
27476
13908
59131
30393
59122
59608
16495
51755
64066
77531
98547
7088
32177
98723
99730
65018
37461
82661
44574
65494
46370
8361
54809
13464
91199
29064
95139
70048
5987
73604
35598
75397
14563
39340
68198
31116
11503
52737
23068
45533
9370
39765
52416
68044
95836
3773
38802
71994
91647
9411
96165
92207
96694
84989
71694
69038
47704
2361
66120
70950
54336
93862
35534
74416
56090
20949
65488
35791
99439
89333
13737
59215
54491
57564
6671
79645
34252
72758
62334
4129
83584
36775
67546
32902
97834
86731
10752
13293
30571
51513
73833
99952
40414
46775
1618
58962
95525
45753
84667
68922
26964
35365
14272
25742
14902
69243
76923
41703
93141
65907
80874
74343
40561
70852
10468
75547
84012
63740
88638
90193
93491
54766
39642
4821
73092
23086
61384
11345
66376
62799
69243
30521
97378
63235
14250
28922
92700
10032
66301
12357
4765
30638
5326
14552
81168
54550
85260
65502
85013
5110
35906
62437
53966
81847
40041
5210
50066
8399
12995
37872
36812
63003
83612
33212
38356
99012
92036
10696
11612
27890
15696
5670
78523
77922
82661
61094
32040
25135
18018
34905
9889
32505
50134
23503
50541
82898
3331
57726
16668
66126
97225
80315
36546
40433
86999
22975
23100
77629
66631
49214
80523
95929
93138
4136
9450
84363
47792
58722
8503
70058
81020
10829
51788
29439
19714
5604
18417
1722
75772
55374
19023
30811
94621
16727
32251
93076
39620
62909
56404
23593
88373
36174
477
55132
4694
41517
22271
70199
17514
81652
95816
12167
464
68489
90660
4699
73780
3760
1072
9226
96534
33305
12187
12927
97661
90931
50020
69813
6956
35845
37636
31395
32151
14105
62373
51068
82348
38409
49454
89525
44069
75790
67341
68848
36128
79313
33181
37491
51501
1011
15474
99001
55597
71107
86981
87086
35052
42203
57241
67766
63652
34329
37341
57958
89039
75097
28569
52204
17726
19021
42195
47745
67300
1917
27683
89233
17926
39285
47940
70196
75767
69303
69393
483
25235
17491
38334
91720
41443
79741
40195
13674
3766
9898
58993
63473
25228
68151
89089
24384
72811
83291
91068
82563
75134
91805
81876
43619
89600
29978
13498
71998
30156
33693
16214
19054
44885
81954
81884
90446
68420
30362
32823
57805
39798
4485
33092
26457
52858
70601
39574
35613
63469
84551
17426
93921
60035
2667
18659
88342
44523
86807
61713
60989
15945
52666
75334
31528
71334
13615
79904
50544
67874
79677
49466
27560
70230
97664
4662
96325
65532
41199
12093
81776
28206
22104
36648
50963
10748
8903
1116
55880
33426
46060
47405
97133
66321
32191
17009
43802
41853
36170
34197
39645
65342
89101
20081
7091
62797
30788
42213
20179
12689
23781
35954
15708
61501
55436
92125
26222
62190
32610
3584
14793
15539
4382
37652
9369
8442
61125
61484
93027
78321
53919
47876
12576
54416
79391
18568
98347
90202
73943
2293
55817
49541
10867
91808
86350
56694
95512
61094
77247
31929
8758
39821
22705
16864
51799
38281
93578
25769
88604
29098
74110
69056
40876
78455
51633
8086
41328
90951
48560
95013
83256
39846
58953
14975
68715
95769
29921
21718
15095
6883
20236
36547
26990
86150
51713
31876
71120
42602
6847
43889
11915
66839
48575
13381
90089
51570
13092
97671
23781
27982
83531
98768
98407
38943
32300
47215
95339
60722
46842
23093
38768
51676
88954
72872
59372
11947
96000
7997
8263
90384
70443
49202
57667
17619
39910
46522
92108
85140
86723
53021
75885
51087
69505
97208
70958
73229
13672
38310
42602
92877
92860
86665
664
9171
34336
89936
64769
2500
62728
468
22452
76028
93415
9387
19513
98606
35636
48949
76296
52419
50663
95111
90938
53584
80852
51017
43724
2832
82878
91163
95618
87239
55905
50954
81903
75598
60682
63645
14393
78336
45133
31719
72104
91335
56211
88890
94409
97924
27164
27816
81272
31140
1471
20764
53121
30903
20700
3134
85319
60563
37211
26255
91874
58332
47161
79861
67040
91485
13412
37826
45275
42132
27598
21135
13194
63541
12337
66182
59327
34327
5060
18056
88206
78075
3896
46279
50713
28265
74314
51134
2711
1513
72263
17875
57238
45491
53516
38859
53269
50919
30364
3198
37527
86896
78155
11082
11594
97976
28260
21721
22148
43512
43419
66431
69762
76199
67113
92333
13856
90828
88471
46178
57639
41958
93489
26124
35593
29055
79883
6182
67766
43737
44658
20985
52127
18234
2944
95912
81346
97265
52241
87225
50854
40859
1803
51333
88412
45103
51553
65606
72752
79979
97068
49644
85382
34707
57448
87986
32744
34615
36803
96201
24297
45198
72835
57492
95106
13550
31169
49845
96476
12122
59240
6074
14714
99963
89341
20762
64328
88802
53518
92558
13435
29943
34898
13724
20006
60696
43813
77229
91785
42930
58362
31273
25815
49461
57172
63328
82700
44020
24170
82191
17886
95656
35608
92891
65942
80627
49006
90400
52186
41993
20370
1218
64849
21832
59828
19685
19357
43563
97472
34236
9695
30959
54528
77090
81956
53158
58064
1416
38545
71333
9770
29253
93778
59676
4645
25947
57701
37434
41870
38110
36259
53716
54374
17315
99596
46690
76625
4895
96524
31772
96175
42929
82785
42905
64214
23882
21222
69285
95352
57481
34885
34158
48585
73589
37322
77575
91942
30506
16063
61689
97630
42469
50513
20773
74089
81456
63367
86004
93532
96207
53653
76754
17864
99351
69017
14101
21043
95906
18069
64238
17982
99313
38869
44596
82542
10808
53528
97465
4624
3258
86129
95678
94673
93354
52189
93755
88750
48032
18055
5542
80500
5134
81818
29906
20057
5616
6142
27529
95489
79836
79466
16909
60447
29382
40683
50012
77548
70695
40736
53193
63871
30281
42975
64213
65976
49180
96065
86757
30196
99976
40506
7100
22327
7672
52349
22128
16295
52913
44101
85356
57961
32737
43736
95699
38412
26678
256
4845
53582
37173
46534
99096
89156
35246
90256
43281
23687
39248
48707
5777
84316
10000
32332
15315
49122
85895
74228
27001
5086
5504
8882
13096
47854
46774
28016
62812
31135
17101
21876
45640
3717
30845
55253
53492
87060
15916
37086
8145
33877
61414
30366
69938
55689
69015
50161
11505
37317
86794
29466
66068
44621
49456
45447
27490
36575
28713
36689
4737
92198
33076
14780
13863
51875
55164
32488
55054
37907
64810
97811
15940
58664
89671
45558
89207
96529
7101
71286
89112
47572
23792
25841
73406
55622
4525
51661
88309
96531
52251
80594
41306
9202
90868
30357
30647
2112
94309
14693
76610
3049
78152
97017
10775
13308
1390
65633
97133
77078
49060
4099
83127
24977
30698
62852
80569
69966
62953
29120
65188
26272
84702
73322
39198
89179
81451
44871
94976
97077
85568
28829
65300
16498
35517
21762
44619
90669
14483
89169
40070
85097
84254
96112
18498
20041
44858
93281
55596
42661
29246
89776
72295
95078
24336
46531
85330
71206
89948
59243
85091
59746
54280
57086
51037
8077
29937
79064
36794
73669
6394
3032
32284
55930
71021
213
46009
61125
94056
71014
78478
63512
334
76830
44980
81522
39033
31484
32084
13449
55597
44356
18565
93012
63738
96457
46103
40486
93034
24938
49248
1658
16041
59108
21467
15568
44525
52017
61920
23305
99130
81005
19391
43005
68465
68404
11223
91034
75154
35257
26770
20891
60271
65592
29072
59950
76327
36409
23918
83533
48891
50017
49124
5646
46310
40818
41869
94745
21334
78480
61167
8249
93821
95921
66868
19622
56203
44161
88974
21373
21635
69689
96832
69206
68398
12445
90953
13677
91811
4465
64596
7500
84692
61056
87112
78733
17308
4871
40012
66881
18319
41952
14757
12262
60333
74495
20898
84419
9392
96874
80895
66653
52571
99358
62336
47597
60223
99122
44390
80930
85986
86400
79678
51510
25736
43361
76583
28894
36257
26288
28459
19240
95227
18119
15936
51430
6476
37874
46847
86591
95262
23047
68042
71884
76319
44897
50297
73434
376
94558
84472
54793
72557
57816
65824
67967
78534
8255
64151
96533
69456
59083
9555
50552
60274
47195
90998
53193
82866
1149
21254
5013
39369
64123
90086
23460
41346
78395
36275
9758
29358
7329
61730
97687
32781
79480
99853
36354
51322
56663
22755
86986
87827
70665
78522
74875
88553
13784
51896
2411
68659
42443
24976
41193
24636
21093
62288
27998
32524
74119
28250
57196
63364
29562
95261
48273
17032
30983
76218
61375
45271
92526
52260
29970
84551
18845
20885
38455
835
18699
86550
29515
8224
56742
79517
64714
29226
79267
76409
67551
48509
13501
37335
10920
38762
19631
75584
38620
60213
32516
85842
78261
82669
63205
51271
59215
98885
29523
51416
18482
19977
52495
33995
17916
92002
17729
41553
53139
69563
30784
65329
89247
72172
72420
28583
54190
45797
8649
15298
44861
98651
78012
48248
69391
32757
25365
82989
27278
12059
14372
12195
37440
12072
7023
29833
23954
26110
37837
2845
87030
39134
20762
65087
73931
22120
97937
61258
41286
15194
83575
27310
42886
49551
83352
49827
61117
74552
89154
63585
64903
76330
51371
33929
94580
91726
45256
12180
59146
32675
52385
26597
1577
3755
39893
75842
1401
70318
18650
6579
68333
20949
78012
61717
62309
54093
83778
46287
83210
92520
9593
6788
53826
64798
7952
7694
48197
39031
30847
38351
79738
76732
72373
97444
52916
57395
56753
71553
67687
16438
57980
3617
95684
84712
93549
37661
34606
83090
5922
33396
95022
986
96716
28822
17156
81339
75686
84713
82433
29367
51180
45954
79011
75147
26140
10523
8457
56187
18302
8588
1524
79621
51496
60078
44718
9836
53143
28619
23440
30639
80788
46703
25587
9662
83761
44763
61043
50869
58449
94816
22266
61418
40602
89500
38194
5166
69690
74165
60154
39987
970
18271
43757
20018
61536
88614
97509
54859
20249
7449
76101
83812
53087
2586
77823
7027
3265
41341
96085
83202
12576
71208
81717
87140
24093
45778
50550
8454
72388
49046
37433
45576
35148
79223
25930
91210
52814
47581
81763
71841
52608
96173
8454
93819
7173
92632
87102
98313
7735
52038
47844
19838
75700
42607
62862
66915
93730
94744
95823
56930
84809
92716
96987
29144
39825
41462
52237
11537
30110
95606
85601
241
70478
83772
21871
20597
2827
97601
43935
47861
71238
32966
47122
62621
61047
69513
74578
70122
56880
31338
85241
27580
44140
148
44828
83042
3685
46398
99796
12407
74771
1884
44119
85221
46042
91776
64521
68006
3272
810
79273
38263
89506
27563
84979
50097
78274
23504
2097
19598
46782
14999
59499
25593
23895
11835
48685
23982
30257
1187
89668
83763
78507
67692
17972
89289
47697
2635
40751
54625
59131
23720
94797
33866
33996
23817
96205
80537
68435
70228
44988
68033
86136
77071
16852
78634
59013
44863
47451
99857
2564
54627
38385
20869
67746
41446
57216
68827
16390
65459
51344
50805
52017
9611
64085
25849
15337
46392
21027
1779
54616
62813
95071
77819
15688
38933
58975
30746
39620
40230
37482
5819
98355
83945
77604
54807
57888
7153
92382
76562
32046
86265
90113
13499
53620
42973
67903
65576
65506
41280
43961
52953
17585
85058
96248
35448
89328
39341
77804
56100
7133
33149
42479
43353
89610
67033
81224
97737
726
55548
26906
45001
28133
33437
79224
84734
82256
16962
76016
92991
42873
73612
13496
59561
14061
42871
3829
55885
58503
69871
97964
34529
54237
53060
60222
39891
3505
30362
47163
9709
88729
28601
54185
9299
20675
68122
4310
30908
64042
9618
22694
7218
2072
64091
36324
2157
55209
70266
1422
45824
47501
97845
24973
63013
78514
8806
82011
11424
67655
4079
62241
53293
9432
44131
13794
68034
20609
22429
39631
40521
88925
72943
58305
51324
89339
54670
90236
92316
54716
32310
33407
59547
42407
59531
32934
99373
88638
14395
24172
7405
43752
31048
35203
21040
86276
96374
85829
2119
63199
45643
13457
3144
73947
92898
40682
79718
16147
72404
14156
84364
61445
53493
65411
48878
49175
24734
60619
17562
53358
89049
10552
3859
67241
45242
48067
2082
45190
61011
35274
91191
31671
68645
23055
19880
18754
10967
16065
28850
93551
98215
87284
40483
96875
21308
49494
30074
35817
61231
57899
86928
65212
11312
50971
62698
40169
50166
51261
18956
24584
49206
59269
50300
73554
49833
27741
84198
8779
30123
4596
40980
20456
36434
90597
61157
44521
12650
92994
9616
84138
81462
78410
44351
33559
44851
84145
77065
67890
47513
41875
68342
67616
95662
95287
39733
73408
93183
67174
69895
83706
95821
59294
96466
46083
97513
3541
17672
41536
71072
94249
99960
76896
24286
49509
71237
30163
31783
32659
34197
59821
11926
69604
80720
41759
66109
32195
8614
31750
91257
46849
35532
40130
45312
56551
83023
10715
84130
20912
85179
44013
58169
95463
83328
2771
21601
99340
47298
1920
22479
90238
75181
49704
29467
52769
8294
65018
12305
6583
60341
86883
45589
32752
41215
77769
37225
97933
49171
84972
17414
7528
18252
37527
28861
10707
51987
37187
37856
72058
57881
63105
94641
91062
50490
93398
82206
35510
96623
62038
11253
42409
76136
15955
85065
40159
3577
77256
57699
81323
70299
852
10043
83969
75701
80944
69935
51933
34386
78768
67468
2765
96779
49526
71012
57465
67193
59213
58682
41575
19716
37731
49305
24608
49567
59812
86002
69426
11808
59304
44619
80758
74559
5657
49469
98802
50048
71109
97699
51862
84295
96870
18608
67146
52589
43948
93775
16209
48033
22744
61788
66670
87986
18635
93107
62100
79196
21847
79385
73764
49284
2418
80152
46916
30092
21152
60609
20995
97571
40818
97156
22712
44946
99536
30554
4272
95780
1258
30176
9220
95661
78584
91232
34798
44007
49603
89336
52154
58695
52825
70653
60505
97972
50236
20505
70219
78588
12130
29981
70141
21703
88526
31174
73979
526
74687
26092
87159
60162
17928
48314
18987
28300
29580
47755
52731
31126
20399
16063
9818
87282
1439
11429
97407
21483
82628
47906
32396
84104
98047
36266
50756
94829
57424
2026
41695
51352
49133
97498
79973
73777
25569
51124
4514
58391
60374
52374
52807
98586
20678
27696
93465
4578
34755
29888
95498
84818
60350
46316
50237
98638
60569
50557
51363
9078
30180
47718
28066
41192
36906
92350
18633
48956
93578
15733
87156
83103
69769
46946
74303
44267
30084
46317
35845
5344
89176
66975
16076
90577
46928
23721
96938
45582
58995
34788
98960
76395
99995
52859
36478
32614
16289
16818
40249
32680
42385
17972
46990
63910
79136
47568
79220
69614
7164
11391
11710
81249
88678
57799
8179
8821
55399
71638
34754
95582
14611
45070
89115
84568
32967
56494
57327
45351
20507
92727
84641
5241
90150
35300
20396
34130
61818
92791
22723
66944
75576
29793
30042
4691
96184
67556
43237
66459
56194
82051
17006
57652
54235
71019
95825
40339
52878
61008
24878
18341
70592
53801
58174
98755
23527
10533
94689
55085
21607
95978
44529
37649
25199
52011
16790
12703
43069
72634
18027
41123
39449
42020
14859
14021
95737
93478
21768
90238
84665
64932
46672
37402
84091
71359
34462
4421
1888
96612
17422
89354
43539
52025
74497
40170
21420
53894
60034
59857
43116
61032
6123
76771
60195
7449
35186
45878
19706
51278
25711
93260
6833
69875
30922
94829
39422
21795
25646
86164
72141
32588
75807
22649
93748
23888
64398
79722
64518
68935
67380
9077
33289
51000
75026
28117
27106
19297
38870
40666
20924
91172
17268
36060
33005
62665
37772
92896
89119
29587
41841
83004
54808
65436
79930
13660
29467
48258
17797
68240
73316
47821
88413
51027
85488
53346
54405
2434
60647
85491
90627
87681
29883
99841
28814
19120
83264
33786
25927
17114
42191
30363
99423
42161
16379
67882
29550
46428
68971
56254
56981
61288
54170
60265
87199
64005
88165
54568
18713
43676
8258
29613
79684
95646
57169
70399
89978
90650
82027
95368
98797
48156
57561
44704
63570
54383
75088
96817
68625
91989
60777
88917
6692
29975
32031
34973
52878
15900
91084
16698
58743
24820
39810
70088
50258
71636
40489
26607
95357
13629
7901
257
35144
62245
71398
61143
77471
68677
68612
77312
77320
15598
74968
14241
9700
45044
31626
77114
49453
66220
49519
35804
29726
9514
89222
1346
54191
48938
55010
27668
83087
13200
7880
68910
81424
18911
19433
78589
4047
11896
52589
89384
24788
17575
31612
55108
83517
33795
91155
77833
90180
85814
7246
41531
1849
68014
52011
43321
70329
73637
61540
98143
98371
38075
39175
71266
12534
21117
57957
33604
38258
85112
77150
12966
83791
52319
48677
51344
89824
13972
42192
12139
13329
28002
76365
44457
9061
67634
12907
44228
75635
91465
20649
49295
40900
24009
37572
16452
59482
54488
66322
38408
83216
51352
91650
94337
33034
61832
94443
73129
26352
97873
84279
64060
85167
93037
82858
24474
56817
77075
58977
13847
45223
33798
93321
98613
32459
9143
99938
67903
40670
82827
23781
87649
72545
5363
40898
43788
7876
60456
67670
6356
20592
86891
87891
94064
88209
41351
19867
64374
33752
69602
44537
45310
90637
71738
18401
7713
35808
16185
82383
71520
57492
38830
30004
67642
80899
29513
3070
76493
63096
44977
82262
86727
75536
36290
27311
55512
63650
37980
18014
89245
22748
91397
17237
69987
51397
1527
54863
56252
77666
94709
23439
20127
23124
19771
37753
18284
42887
20837
92157
14178
46198
45082
9254
21887
71582
10413
82320
93806
1252
86207
85586
26727
5045
28772
47244
76554
24807
71085
11719
45077
85141
22047
85519
41832
66480
62299
53582
37875
97996
17715
2087
27394
36713
23524
18071
8385
14834
45939
21095
29767
96882
3237
3613
70471
9831
54039
41928
84874
27279
8308
53624
24523
42359
61689
29625
51634
42413
78736
50706
51483
19559
84214
80190
89882
15140
30126
39903
90591
14606
29931
33225
25737
68359
44671
1688
15745
86463
54137
74529
11023
2172
84855
58907
25001
44440
93748
62274
37812
6211
67264
14668
